[0, 0]
[0, 12]
[0, 14]
[0, 16]
[0, 18]
[0, 7]
[0, 8]
[0, 9]
[10, 13]
[10, 16]
[10, 22]
[10, 23]
[10, 27]
[10, 28]
[10, 32]
[10, 34]
[10, 39]
[10, 4]
[10, 40]
[10, 41]
[10, 46]
[10, 47]
[10, 48]
[10, 49]
[10, 50]
[10, 51]
[10, 52]
[10, 8]
[11, 14]
[11, 15]
[11, 17]
[11, 18]
[11, 20]
[11, 4]
[11, 8]
[11, 9]
[12, 12]
[12, 13]
[12, 16]
[12, 25]
[12, 26]
[12, 27]
[12, 28]
[12, 29]
[12, 44]
[12, 45]
[12, 8]
[13, 12]
[13, 13]
[13, 19]
[13, 20]
[13, 21]
[13, 22]
[13, 23]
[13, 8]
[14, 5]
[15, 11]
[15, 15]
[15, 16]
[15, 4]
[16, 1]
[18, 0]
[18, 12]
[18, 13]
[18, 17]
[18, 20]
[18, 23]
[18, 24]
[18, 27]
[18, 28]
[18, 3]
[18, 30]
[18, 33]
[18, 34]
[18, 37]
[18, 38]
[18, 39]
[19, 35]
[19, 4]
[2, 0]
[2, 62]
[20, 12]
[20, 15]
[20, 16]
[20, 17]
[20, 18]
[20, 20]
[20, 22]
[20, 23]
[20, 26]
[20, 27]
[20, 29]
[20, 30]
[20, 38]
[20, 39]
[20, 46]
[20, 49]
[20, 5]
[20, 50]
[20, 55]
[20, 56]
[20, 58]
[20, 59]
[20, 6]
[20, 7]
[20, 8]
[21, 1]
[23, 0]
[23, 12]
[23, 14]
[23, 16]
[23, 19]
[23, 20]
[23, 26]
[23, 27]
[23, 28]
[23, 29]
[23, 3]
[23, 30]
[23, 34]
[23, 35]
[23, 7]
[23, 8]
[24, 4]
[24, 41]
[25, 12]
[25, 15]
[25, 19]
[25, 31]
[25, 32]
[25, 33]
[25, 35]
[25, 37]
[25, 38]
[25, 4]
[25, 46]
[25, 47]
[25, 48]
[25, 49]
[25, 8]
[26, 13]
[26, 16]
[26, 25]
[26, 26]
[26, 27]
[26, 31]
[26, 32]
[26, 33]
[26, 4]
[26, 8]
[28, 11]
[28, 14]
[28, 15]
[28, 16]
[28, 4]
[28, 8]
[29, 14]
[29, 15]
[29, 17]
[29, 18]
[29, 20]
[29, 4]
[29, 8]
[29, 9]
[3, 0]
[3, 2]
[30, 11]
[30, 12]
[30, 16]
[30, 17]
[30, 8]
[31, 5]
[32, 12]
[32, 13]
[32, 14]
[32, 30]
[32, 32]
[32, 33]
[32, 35]
[32, 38]
[32, 39]
[32, 4]
[32, 40]
[32, 6]
[32, 7]
[33, 1]
[35, 0]
[35, 10]
[35, 33]
[35, 35]
[35, 36]
[35, 37]
[35, 41]
[35, 42]
[36, 12]
[36, 15]
[36, 18]
[36, 19]
[36, 22]
[36, 23]
[36, 24]
[36, 28]
[36, 29]
[36, 34]
[36, 35]
[36, 36]
[36, 4]
[36, 8]
[37, 15]
[37, 16]
[37, 17]
[37, 18]
[37, 19]
[37, 4]
[37, 8]
[37, 9]
[38, 15]
[38, 16]
[38, 17]
[38, 18]
[38, 19]
[38, 4]
[38, 8]
[38, 9]
[39, 15]
[39, 16]
[39, 17]
[39, 18]
[39, 19]
[39, 4]
[39, 8]
[39, 9]
[4, 0]
[4, 61]
[40, 15]
[40, 16]
[40, 17]
[40, 18]
[40, 19]
[40, 4]
[40, 8]
[40, 9]
[41, 13]
[41, 16]
[41, 25]
[41, 26]
[41, 27]
[41, 31]
[41, 32]
[41, 33]
[41, 4]
[41, 8]
[42, 11]
[42, 14]
[42, 15]
[42, 16]
[42, 4]
[42, 8]
[43, 14]
[43, 15]
[43, 17]
[43, 18]
[43, 20]
[43, 4]
[43, 8]
[43, 9]
[44, 11]
[44, 12]
[44, 16]
[44, 17]
[44, 8]
[45, 5]
[46, 17]
[46, 18]
[46, 21]
[46, 23]
[46, 25]
[46, 26]
[46, 27]
[46, 30]
[46, 4]
[46, 46]
[46, 8]
[47, 1]
[48, 0]
[5, 0]
[5, 44]
[7, 0]
[7, 15]
[7, 16]
[7, 18]
[7, 20]
[7, 21]
[7, 22]
[7, 24]
[7, 28]
[7, 3]
[7, 30]
[7, 32]
[7, 34]
[7, 35]
[7, 36]
[7, 37]
[7, 38]
[7, 41]
[7, 42]
[7, 45]
[7, 46]
[7, 47]
[7, 54]
[7, 56]
[7, 57]
[7, 58]
[7, 59]
[8, 12]
[8, 15]
[8, 19]
[8, 21]
[8, 22]
[8, 24]
[8, 25]
[8, 34]
[8, 35]
[8, 39]
[8, 4]
[8, 41]
[8, 46]
[8, 47]
[8, 48]
[8, 8]
[9, 12]
[9, 15]
[9, 18]
[9, 19]
[9, 22]
[9, 23]
[9, 24]
[9, 28]
[9, 29]
[9, 34]
[9, 35]
[9, 36]
[9, 4]
[9, 8]
